"VariantType" "Mean" "Va" "V" "V.Va" "Nloci" "NetLD" "cor" "cor_abs" "pos" "neg" "mdac" "themin" "themax"
"3" "codingsynononly" 17.1717171717172 17.2822098536384 20.857967429396 1.20690395534138 850 4.95497481571067e-06 0.000227968917503263 0.039428993855335 28752 692898 2 0.000227968917503263 0.000227968917503263
"6" "codingsynononly" 33.5353535353535 33.475159760874 34.2512883941455 1.02318521072986 1390 4.01991305411753e-07 1.7814686111378e-05 0.0457282001620219 108324 1822386 3 1.7814686111378e-05 1.7814686111378e-05
"9" "codingsynononly" 46.9494949494949 46.6623376623376 51.6606885178314 1.10711745501615 1722 1.68660242488389e-06 7.05663582783444e-05 0.0503902433562953 211286 2752276 4 7.05663582783444e-05 7.05663582783444e-05
"12" "codingsynononly" 62.7070707070707 62.0828695114409 67.2296433725005 1.08290167483497 2034 1.24464861280021e-06 3.53540961416665e-05 0.0549938051957397 371882 3763240 5 3.53540961416665e-05 3.53540961416665e-05
"15" "codingsynononly" 77.010101010101 76.0847247990105 82.8468357039786 1.08887606445093 2270 1.31287064009025e-06 3.74126460715134e-05 0.058493664257494 552332 4598298 6 3.74126460715134e-05 3.74126460715134e-05
"18" "codingsynononly" 92.9191919191919 91.591218305504 104.768913626056 1.14387509593549 2495 2.11773913834927e-06 4.84520453053378e-05 0.0617274510065556 789080 5433450 7 4.84520453053378e-05 4.84520453053378e-05
"21" "codingsynononly" 106.737373737374 104.830550401979 122.542568542569 1.16895855332889 2666 2.49293347829306e-06 5.03158801780865e-05 0.0640610141069014 1023124 6081766 8 5.03158801780865e-05 5.03158801780865e-05
"24" "codingsynononly" 120.555555555556 118.153370439085 147.024943310658 1.24435674381763 2818 3.63699419896045e-06 6.20514634248392e-05 0.0659284069940738 1279400 6658906 9 6.20514634248392e-05 6.20514634248392e-05
"27" "codingsynononly" 136.414141414141 133.331065759637 162.204287775716 1.21655284799216 2975 3.26337750883898e-06 5.95835439526684e-05 0.067631718685736 1587982 7259668 10 5.95835439526684e-05 5.95835439526684e-05
"30" "codingsynononly" 151.858585858586 148.179138321995 196.041022469594 1.32300015163804 3114 4.93732894083078e-06 7.73430507554675e-05 0.068946311858601 1894906 7798958 11 7.73430507554675e-05 7.73430507554675e-05
"33" "codingsynononly" 164.222222222222 159.869305297877 216.174603174603 1.35219580001186 3216 5.44568157237979e-06 7.45524608868938e-05 0.0698374100717858 2135360 8204062 12 7.45524608868938e-05 7.45524608868938e-05
"36" "codingsynononly" 176.959595959596 171.985776128633 245.222840651412 1.42583210176638 3313 6.67450656639366e-06 8.21045185479772e-05 0.0706389286808589 2376664 8595974 13 8.21045185479772e-05 8.21045185479772e-05
"39" "codingsynononly" 190.676767676768 184.720057720058 275.976087404659 1.49402339307894 3410 7.85019038654804e-06 9.05959430752233e-05 0.0713848381741188 2646206 8978466 14 9.05959430752233e-05 9.05959430752233e-05
"42" "codingsynononly" 207.040404040404 200.113378684807 313.549371263657 1.56685861447335 3518 9.16817030662646e-06 9.65002578230721e-05 0.0721258634093547 2949782 9423006 15 9.65002578230721e-05 9.65002578230721e-05
"45" "codingsynononly" 224.171717171717 215.908266336838 333.204906204906 1.54327072259973 3624 8.9336523544442e-06 9.64301287502761e-05 0.0728109240598599 3270870 9858864 16 9.64301287502761e-05 9.64301287502761e-05
"48" "codingsynononly" 240.141414141414 230.658420944135 363.775716347145 1.5771187319246 3717 9.63754056167975e-06 0.000103093828675228 0.0733620967839914 3556876 10255478 17 0.000103093828675228 0.000103093828675228
"51" "codingsynononly" 256.323232323232 245.46176046176 342.016903731189 1.39336124326571 3806 6.66733025242176e-06 7.82347211799691e-05 0.0738404720535256 3849752 10632058 18 7.82347211799691e-05 7.82347211799691e-05
"54" "codingsynononly" 271.292929292929 259.110492681921 371.576582148011 1.4340468357804 3884 7.45718612529844e-06 8.09351104221217e-05 0.074237905878036 4117584 10963968 19 8.09351104221217e-05 8.09351104221217e-05
"57" "codingsynononly" 285.636363636364 272.142444856731 370.417439703154 1.36111601370437 3955 6.28434294298615e-06 6.77725920007463e-05 0.0745613758166757 4351228 11286822 20 6.77725920007463e-05 6.77725920007463e-05
"2" "missense" 26.9292929292929 27.3687899402185 22.9235209235209 0.837578898211893 1333 -2.50359268685277e-06 -0.000127326626850261 0.0388798477862107 69022 1706534 2 -0.000127326626850261 -0.000127326626850261
"5" "missense" 47.4141414141414 48.027417027417 54.6736755308184 1.13838467514518 2009 1.64753095715729e-06 5.32718130986514e-05 0.044507060082842 214746 3819326 3 5.32718130986514e-05 5.32718130986514e-05
"8" "missense" 67.0505050505051 67.5116470830756 88.6402803545661 1.31296278767263 2495 3.39550524810494e-06 9.35556339067328e-05 0.0493518608846102 427100 5795430 4 9.35556339067328e-05 9.35556339067328e-05
"11" "missense" 83.2626262626263 83.7559266130694 115.236446093589 1.37586020182132 2816 3.97128303635651e-06 0.00010931700184253 0.0528035544915967 650872 7276168 5 0.00010931700184253 0.00010931700184253
"14" "missense" 100.414141414141 100.583384869099 129.306328592043 1.28556350296149 3099 2.99175453242313e-06 8.49373965341751e-05 0.0560525788131571 934406 8666296 6 8.49373965341751e-05 8.49373965341751e-05
"17" "missense" 117.737373737374 117.376623376623 150.093588950732 1.2787349357387 3344 2.92664719449736e-06 8.28330655152038e-05 0.0588865359687767 1266534 9912458 7 8.28330655152038e-05 8.28330655152038e-05
"20" "missense" 133.656565656566 132.852607709751 180.391053391053 1.35782847247652 3541 3.79241441908928e-06 9.10643871324223e-05 0.0610686571417726 1606366 10928774 8 9.10643871324223e-05 9.10643871324223e-05
"23" "missense" 147.656565656566 146.383219954648 205.14615543187 1.40143218256455 3695 4.30518827497183e-06 9.78270399298843e-05 0.0626963732707613 1929178 11720152 9 9.78270399298843e-05 9.78270399298843e-05
"26" "missense" 160.989898989899 159.145124716553 209.091733663162 1.31384316067217 3827 3.41116384427653e-06 8.20311816071002e-05 0.0639879892071953 2246996 12395106 10 8.20311816071002e-05 8.20311816071002e-05
"29" "missense" 175.656565656566 172.947845804989 225.533910533911 1.30405735604372 3959 3.35590285066461e-06 7.36555276814052e-05 0.0652163488018894 2601992 13067718 11 7.36555276814052e-05 7.36555276814052e-05
"32" "missense" 190.686868686869 187.352298495156 240.645846217275 1.28445633253599 4083 3.19758613150709e-06 6.71697647823876e-05 0.0662713873864839 2956312 13710482 12 6.71697647823876e-05 6.71697647823876e-05
"35" "missense" 206.181818181818 201.970315398887 247.333951762523 1.2246054637982 4201 2.5710225662618e-06 5.70609179605889e-05 0.0672417670569749 3313474 14330714 13 5.70609179605889e-05 5.70609179605889e-05
"38" "missense" 220.464646464646 215.521748093177 271.210472067615 1.25839027600297 4302 3.00972917515524e-06 6.08719889861374e-05 0.0680146963795835 3651678 14851212 14 6.08719889861374e-05 6.08719889861374e-05
"41" "missense" 234.858585858586 229.043083900227 310.285920428778 1.35470547787394 4397 4.20311166997138e-06 7.02879367870055e-05 0.0687091108375109 3976514 15352686 15 7.02879367870055e-05 7.02879367870055e-05
"44" "missense" 249.888888888889 243.548340548341 358.71201814059 1.47285757452899 4490 5.71372821721838e-06 8.47707805496369e-05 0.0693308652699944 4313234 15842364 16 8.47707805496369e-05 8.47707805496369e-05
"47" "missense" 264.656565656566 257.353947639662 408.227788084931 1.58625034443426 4576 7.20670642961467e-06 9.85076822035249e-05 0.0699017563351449 4628032 16307156 17 9.85076822035249e-05 9.85076822035249e-05
"50" "missense" 280.111111111111 271.49494949495 438.507936507937 1.61516056679387 4661 7.68927199826277e-06 0.000103797272458867 0.0704195646040501 4962806 16757440 18 0.000103797272458867 0.000103797272458867
"53" "missense" 293.737373737374 284.08781694496 469.767058338487 1.65359804369753 4732 8.29403128345241e-06 0.000109064444962045 0.0708343844677064 5253132 17133946 19 0.000109064444962045 0.000109064444962045
"56" "missense" 312.121212121212 300.744176458462 495.658627087199 1.64810714848757 4823 8.38107197309589e-06 0.000104221867924557 0.0713374104622129 5616846 17639646 20 0.000104221867924557 0.000104221867924557
"1" "splicenonsense" 0.686868686868687 0.761492475778189 0.747887033601319 0.982133188955063 34 -1.212606254623e-05 -0.00134506422633508 0.0358178965793993 36 1086 2 -0.00134506422633508 0.000227968917503263
"4" "splicenonsense" 1.11111111111111 1.1770768913626 1.1609977324263 0.986339754816113 48 -7.12728676254466e-06 -0.000629411721746335 0.0419601668114665 106 2150 3 -0.000629411721746335 1.7814686111378e-05
"7" "splicenonsense" 1.51515151515152 1.58915687487116 1.45640074211503 0.916461279024517 58 -4.01561200109291e-05 -0.00115977975742739 0.0459279832036851 194 3112 4 -0.00115977975742739 7.05663582783444e-05
"10" "splicenonsense" 1.91919191919192 1.97670583384869 1.78932178932179 0.905203879445198 66 -4.36792644584848e-05 -0.00141450011577261 0.0498847650038212 310 3980 5 -0.00141450011577261 3.53540961416665e-05
"13" "splicenonsense" 2.22222222222222 2.26427540713255 2.15419501133787 0.951383831026949 71 -2.21489729969176e-05 -0.000500786567563754 0.0533780101316472 434 4536 6 -0.000500786567563754 3.74126460715134e-05
"16" "splicenonsense" 2.64646464646465 2.68295196866625 2.29210472067615 0.85432193622743 77 -6.67886616524442e-05 -0.00133127559145841 0.056076497852878 586 5266 7 -0.00133127559145841 4.84520453053378e-05
"19" "splicenonsense" 2.88888888888889 2.90806019377448 2.58956916099773 0.890479903593961 80 -5.03941507558141e-05 -0.000923624050789661 0.0577492509786534 718 5602 8 -0.000923624050789661 5.03158801780865e-05
"22" "splicenonsense" 3.25252525252525 3.24201195629767 2.88455988455988 0.889743752781841 84 -5.12696603180987e-05 -0.00084166390777834 0.0598141067675338 908 6064 9 -0.00084166390777834 6.20514634248392e-05
"25" "splicenonsense" 3.55555555555556 3.51721294578437 3.43310657596372 0.976087211346853 87 -1.12411614301862e-05 -7.57675103880398e-06 0.0618428280762706 1090 6392 10 -7.57675103880398e-06 5.95835439526684e-05
"28" "splicenonsense" 3.77777777777778 3.71675943104514 3.84807256235828 1.03533000554631 89 1.67662322922795e-05 0.000278807293465234 0.0630961645134422 1206 6626 11 0.000278807293465234 0.000278807293465234
"31" "splicenonsense" 4.02020202020202 3.95238095238095 4.14244485673057 1.04808845772701 91 2.32068259279146e-05 0.000381967248277114 0.0639776389503343 1332 6858 12 0.000381967248277114 0.000381967248277114
"34" "splicenonsense" 4.28282828282828 4.18284889713461 4.06204906204906 0.971120201074368 93 -1.411872780336e-05 -6.98569745558513e-05 0.0647056653903019 1454 7102 13 -6.98569745558513e-05 8.21045185479772e-05
"37" "splicenonsense" 4.28282828282828 4.18284889713461 4.06204906204906 0.971120201074368 93 -1.411872780336e-05 -6.98569745558513e-05 0.0647056653903019 1454 7102 14 -6.98569745558513e-05 9.05959430752233e-05
"40" "splicenonsense" 4.28282828282828 4.18284889713461 4.06204906204906 0.971120201074368 93 -1.411872780336e-05 -6.98569745558513e-05 0.0647056653903019 1454 7102 15 -6.98569745558513e-05 9.65002578230721e-05
"43" "splicenonsense" 4.60606060606061 4.49742321170893 4.22077922077922 0.938488334784801 95 -3.09791703168762e-05 -0.000266453608903627 0.0655186967170457 1590 7340 16 -0.000266453608903627 9.64301287502761e-05
"46" "splicenonsense" 4.77777777777778 4.66151309008452 4.37868480725624 0.93932693583337 96 -3.10118731171362e-05 -0.000367430494439141 0.0657699526003029 1660 7460 17 -0.000367430494439141 0.000103093828675228
"49" "splicenonsense" 5.14141414141414 5.002886002886 4.77571634714492 0.954592278215007 98 -2.3897502181894e-05 -0.000192050461235187 0.066419811170778 1822 7684 18 -0.000192050461235187 7.82347211799691e-05
"52" "splicenonsense" 5.52525252525253 5.3162234590806 5.63966192537621 1.06083989297763 100 3.26705521510718e-05 0.000334645649165273 0.0673729650019499 2006 7894 19 0.000334645649165273 0.000334645649165273
"55" "splicenonsense" 5.92929292929293 5.72356215213358 6.08678622964337 1.06346119214839 102 3.52576274033967e-05 0.000284734447936205 0.06799225216837 2162 8140 20 0.000284734447936205 0.000284734447936205
