"VariantType" "Mean" "Va" "V" "V.Va" "Nloci" "NetLD" "cor" "cor_abs" "pos" "neg" "mdac" "themin" "themax"
"3" "codingsynononly" 71.25 79.5322580645161 5417.09677419355 68.1119448387751 1140 0.00411068844333213 0.0616621920770748 0.160283569967293 239654 1058806 2 0.160283569967293 0.160283569967293
"6" "codingsynononly" 148.125 162.866935483871 19962.0483870968 122.566611373821 1960 0.00515652026013191 0.064682731312011 0.176543413896495 874978 2964662 3 0.176543413896495 0.176543413896495
"9" "codingsynononly" 228.25 251.302419354839 32918.5806451613 130.991897052453 2601 0.00483057969210163 0.0534960074686614 0.177397013754333 1698570 5064030 4 0.177397013754333 0.177397013754333
"12" "codingsynononly" 312.15625 345.091733870968 43522.2006048387 126.117771980919 3138 0.00438617647008898 0.0446082427851163 0.177941496529204 2689112 7154794 5 0.177941496529204 0.177941496529204
"15" "codingsynononly" 395.96875 440.224798387097 53086.9989919355 120.590660013785 3585 0.00409745889008863 0.0388891337206274 0.17870620044753 3772948 9075692 6 0.17870620044753 0.17870620044753
"18" "codingsynononly" 480.1875 531.756048387097 57578.9959677419 108.280848224272 3970 0.00362045397925578 0.0335246350160619 0.179432826277353 4822746 10934184 7 0.179432826277353 0.179432826277353
"21" "codingsynononly" 567.1875 629.820564516129 58211.3185483871 92.4252427246624 4318 0.00308900258840047 0.0286157553804209 0.180068206201444 5819520 12722942 8 0.180068206201444 0.180068206201444
"24" "codingsynononly" 653.25 723.092741935484 58388.9677419355 80.7489335125218 4624 0.00269759760509922 0.0251123727902816 0.180967528332514 6883160 14395248 9 0.180967528332514 0.180967528332514
"27" "codingsynononly" 653.25 723.092741935484 58388.9677419355 80.7489335125218 4624 0.00269759760509922 0.0251123727902816 0.180967528332514 6883160 14395248 10 0.180967528332514 0.180967528332514
"30" "codingsynononly" 653.25 723.092741935484 58388.9677419355 80.7489335125218 4624 0.00269759760509922 0.0251123727902816 0.180967528332514 6883160 14395248 11 0.180967528332514 0.180967528332514
"33" "codingsynononly" 653.25 723.092741935484 58388.9677419355 80.7489335125218 4624 0.00269759760509922 0.0251123727902816 0.180967528332514 6883160 14395248 12 0.180967528332514 0.180967528332514
"36" "codingsynononly" 653.25 723.092741935484 58388.9677419355 80.7489335125218 4624 0.00269759760509922 0.0251123727902816 0.180967528332514 6883160 14395248 13 0.180967528332514 0.180967528332514
"39" "codingsynononly" 653.25 723.092741935484 58388.9677419355 80.7489335125218 4624 0.00269759760509922 0.0251123727902816 0.180967528332514 6883160 14395248 14 0.180967528332514 0.180967528332514
"42" "codingsynononly" 653.25 723.092741935484 58388.9677419355 80.7489335125218 4624 0.00269759760509922 0.0251123727902816 0.180967528332514 6883160 14395248 15 0.180967528332514 0.180967528332514
"45" "codingsynononly" 653.25 723.092741935484 58388.9677419355 80.7489335125218 4624 0.00269759760509922 0.0251123727902816 0.180967528332514 6883160 14395248 16 0.180967528332514 0.180967528332514
"48" "codingsynononly" 653.25 723.092741935484 58388.9677419355 80.7489335125218 4624 0.00269759760509922 0.0251123727902816 0.180967528332514 6883160 14395248 17 0.180967528332514 0.180967528332514
"51" "codingsynononly" 653.25 723.092741935484 58388.9677419355 80.7489335125218 4624 0.00269759760509922 0.0251123727902816 0.180967528332514 6883160 14395248 18 0.180967528332514 0.180967528332514
"54" "codingsynononly" 653.25 723.092741935484 58388.9677419355 80.7489335125218 4624 0.00269759760509922 0.0251123727902816 0.180967528332514 6883160 14395248 19 0.180967528332514 0.180967528332514
"57" "codingsynononly" 771.375 834.689516129032 59093.4677419355 70.796944971812 4813 0.0025154743442059 0.0233246748708273 0.182855643184102 7675908 15372600 20 0.182855643184102 0.182855643184102
"2" "missense" 73.375 80.8145161290323 5398.3064516129 66.798722682367 1174 0.0038613638898817 0.0595673528813685 0.159702772955981 247202 1129900 2 0.159702772955981 0.159702772955981
"5" "missense" 142.28125 155.275201612903 16142.4022177419 103.959950140554 1909 0.00438920764164919 0.0563395180380029 0.170434313415947 762304 2880068 3 0.170434313415947 0.170434313415947
"8" "missense" 211.53125 233.371975806452 24437.8699596774 104.716386255156 2463 0.00399156879804386 0.0458822710557887 0.17130188348193 1379128 4684778 4 0.17130188348193 0.17130188348193
"11" "missense" 278.25 308.256048387097 29932.1290322581 97.1015141109912 2890 0.00354810490859266 0.0384009713954289 0.172301154755282 2060962 6288248 5 0.172301154755282 0.172301154755282
"14" "missense" 344.25 379.804435483871 32651.8709677419 85.9702202428032 3242 0.0030713883644432 0.0323746846767274 0.173611261133844 2776456 7730866 6 0.173611261133844 0.173611261133844
"17" "missense" 417.96875 462.738911290323 34290.6764112903 74.1037236649769 3579 0.00264163910463981 0.0273365477188951 0.174862499737118 3544192 9261470 7 0.174862499737118 0.174862499737118
"20" "missense" 485.71875 539.126008064516 33511.6280241935 62.1591752631294 3850 0.00222506787164344 0.0233537761738345 0.176076834883529 4213302 10545768 8 0.176076834883529 0.176076834883529
"23" "missense" 549.5625 610.945564516129 33214.6411290323 54.365958373621 4077 0.00196196810300851 0.0207678460880924 0.177593824442771 4873872 11684400 9 0.177593824442771 0.177593824442771
"26" "missense" 549.5625 610.945564516129 33214.6411290323 54.365958373621 4077 0.00196196810300851 0.0207678460880924 0.177593824442771 4873872 11684400 10 0.177593824442771 0.177593824442771
"29" "missense" 549.5625 610.945564516129 33214.6411290323 54.365958373621 4077 0.00196196810300851 0.0207678460880924 0.177593824442771 4873872 11684400 11 0.177593824442771 0.177593824442771
"32" "missense" 549.5625 610.945564516129 33214.6411290323 54.365958373621 4077 0.00196196810300851 0.0207678460880924 0.177593824442771 4873872 11684400 12 0.177593824442771 0.177593824442771
"35" "missense" 549.5625 610.945564516129 33214.6411290323 54.365958373621 4077 0.00196196810300851 0.0207678460880924 0.177593824442771 4873872 11684400 13 0.177593824442771 0.177593824442771
"38" "missense" 549.5625 610.945564516129 33214.6411290323 54.365958373621 4077 0.00196196810300851 0.0207678460880924 0.177593824442771 4873872 11684400 14 0.177593824442771 0.177593824442771
"41" "missense" 549.5625 610.945564516129 33214.6411290323 54.365958373621 4077 0.00196196810300851 0.0207678460880924 0.177593824442771 4873872 11684400 15 0.177593824442771 0.177593824442771
"44" "missense" 549.5625 610.945564516129 33214.6411290323 54.365958373621 4077 0.00196196810300851 0.0207678460880924 0.177593824442771 4873872 11684400 16 0.177593824442771 0.177593824442771
"47" "missense" 549.5625 610.945564516129 33214.6411290323 54.365958373621 4077 0.00196196810300851 0.0207678460880924 0.177593824442771 4873872 11684400 17 0.177593824442771 0.177593824442771
"50" "missense" 549.5625 610.945564516129 33214.6411290323 54.365958373621 4077 0.00196196810300851 0.0207678460880924 0.177593824442771 4873872 11684400 18 0.177593824442771 0.177593824442771
"53" "missense" 549.5625 610.945564516129 33214.6411290323 54.365958373621 4077 0.00196196810300851 0.0207678460880924 0.177593824442771 4873872 11684400 19 0.177593824442771 0.177593824442771
"56" "missense" 630.8125 681.6875 32250.5443548387 47.3098661114348 4207 0.00178409130034045 0.0192439847296924 0.179036764761301 5342626 12284388 20 0.179036764761301 0.179036764761301
"1" "splicenonsense" 1.6875 1.76209677419355 5.83467741935484 3.31121281464531 27 0.00580139693042919 0.0979801415666647 0.199240798663004 138 564 2 0.199240798663004 0.199240798663004
"4" "splicenonsense" 2.8125 2.87903225806452 9.38306451612903 3.25910364145658 39 0.00438868573418658 0.0681473425612052 0.185324809844814 300 1182 3 0.185324809844814 0.185324809844814
"7" "splicenonsense" 4.8125 5.26612903225806 14.8024193548387 2.81087289433384 55 0.00321087216248507 0.0417654419009955 0.172058525285383 660 2310 4 0.172058525285383 0.177397013754333
"10" "splicenonsense" 5.75 6.14717741935484 16.5161290322581 2.68678255165628 61 0.00283304688877137 0.0355500988226464 0.17388346211779 860 2800 5 0.17388346211779 0.177941496529204
"13" "splicenonsense" 6.3125 6.8125 17.383064516129 2.55164249778041 64 0.00262166778673835 0.0333173359319612 0.173201526037013 990 3042 6 0.173201526037013 0.17870620044753
"16" "splicenonsense" 7.625 8.45161290322581 20.5 2.42557251908397 70 0.00249449008214787 0.0297838392088553 0.173623090431124 1280 3550 7 0.173623090431124 0.179432826277353
"19" "splicenonsense" 9.125 10.1290322580645 24.9516129032258 2.46337579617834 76 0.00260045274476514 0.0281907546563006 0.173822067182983 1612 4044 8 0.173822067182983 0.180068206201444
"22" "splicenonsense" 10.8125 12.2197580645161 25.9637096774194 2.12473189242699 82 0.00206924896309895 0.0230621431042719 0.178831010413719 1874 4724 9 0.178831010413719 0.180967528332514
"25" "splicenonsense" 10.8125 12.2197580645161 25.9637096774194 2.12473189242699 82 0.00206924896309895 0.0230621431042719 0.178831010413719 1874 4724 10 0.178831010413719 0.180967528332514
"28" "splicenonsense" 10.8125 12.2197580645161 25.9637096774194 2.12473189242699 82 0.00206924896309895 0.0230621431042719 0.178831010413719 1874 4724 11 0.178831010413719 0.180967528332514
"31" "splicenonsense" 10.8125 12.2197580645161 25.9637096774194 2.12473189242699 82 0.00206924896309895 0.0230621431042719 0.178831010413719 1874 4724 12 0.178831010413719 0.180967528332514
"34" "splicenonsense" 10.8125 12.2197580645161 25.9637096774194 2.12473189242699 82 0.00206924896309895 0.0230621431042719 0.178831010413719 1874 4724 13 0.178831010413719 0.180967528332514
"37" "splicenonsense" 10.8125 12.2197580645161 25.9637096774194 2.12473189242699 82 0.00206924896309895 0.0230621431042719 0.178831010413719 1874 4724 14 0.178831010413719 0.180967528332514
"40" "splicenonsense" 10.8125 12.2197580645161 25.9637096774194 2.12473189242699 82 0.00206924896309895 0.0230621431042719 0.178831010413719 1874 4724 15 0.178831010413719 0.180967528332514
"43" "splicenonsense" 10.8125 12.2197580645161 25.9637096774194 2.12473189242699 82 0.00206924896309895 0.0230621431042719 0.178831010413719 1874 4724 16 0.178831010413719 0.180967528332514
"46" "splicenonsense" 10.8125 12.2197580645161 25.9637096774194 2.12473189242699 82 0.00206924896309895 0.0230621431042719 0.178831010413719 1874 4724 17 0.178831010413719 0.180967528332514
"49" "splicenonsense" 10.8125 12.2197580645161 25.9637096774194 2.12473189242699 82 0.00206924896309895 0.0230621431042719 0.178831010413719 1874 4724 18 0.178831010413719 0.180967528332514
"52" "splicenonsense" 10.8125 12.2197580645161 25.9637096774194 2.12473189242699 82 0.00206924896309895 0.0230621431042719 0.178831010413719 1874 4724 19 0.178831010413719 0.180967528332514
"55" "splicenonsense" 11.4375 12.4616935483871 26.1895161290323 2.10160168257564 83 0.00201701771681533 0.0225530180882942 0.177723783720657 1940 4818 20 0.177723783720657 0.182855643184102
