"VariantType" "Mean" "Va" "V" "V.Va" "Nloci" "NetLD" "cor" "cor_abs" "pos" "neg" "mdac" "themin" "themax"
"3" "codingsynononly" 65.0967741935484 69.2602150537634 194.356989247312 2.80618518288518 1009 0.000122996969923023 0.00131350975829086 0.116377525601713 114960 902112 2 0.00131350975829086 0.00131350975829086
"6" "codingsynononly" 130.032258064516 138.533333333333 616.898924731183 4.45307212269862 1680 0.000169589888892853 0.00127804602632731 0.130618661348737 431084 2389636 3 0.00127804602632731 0.00127804602632731
"9" "codingsynononly" 197 211.204301075269 1629.26666666667 7.71417370939823 2199 0.000293388045437023 0.00160037127671057 0.140789941227333 921080 3912322 4 0.00160037127671057 0.00160037127671057
"12" "codingsynononly" 269.258064516129 292.827956989247 4696.19784946237 16.0373958065582 2647 0.000628696999280281 0.00258262174805372 0.148397732034461 1591676 5412286 5 0.00258262174805372 0.00258262174805372
"15" "codingsynononly" 349.387096774194 393.935483870968 17548.4451612903 44.5464952505732 3061 0.00183144361783382 0.00583809524071074 0.156612384839209 2376162 6990498 6 0.00583809524071074 0.00583809524071074
"18" "codingsynononly" 404.258064516129 450.232258064516 17190.3978494624 38.1811776956219 3304 0.00153394976532797 0.00463628278908012 0.157910801152427 2964914 7948198 7 0.00463628278908012 0.00463628278908012
"21" "codingsynononly" 459.741935483871 506.636559139785 17007.9311827957 33.5702800675762 3519 0.0013329164155452 0.00385114471683409 0.159064258307801 3524856 8854986 8 0.00385114471683409 0.00385114471683409
"24" "codingsynononly" 512.290322580645 560.038709677419 16731.6129032258 29.875815035827 3700 0.00118158846390539 0.0032646847371602 0.160050783353998 4054504 9631796 9 0.0032646847371602 0.0032646847371602
"27" "codingsynononly" 512.290322580645 560.038709677419 16731.6129032258 29.875815035827 3700 0.00118158846390539 0.0032646847371602 0.160050783353998 4054504 9631796 10 0.0032646847371602 0.0032646847371602
"30" "codingsynononly" 512.290322580645 560.038709677419 16731.6129032258 29.875815035827 3700 0.00118158846390539 0.0032646847371602 0.160050783353998 4054504 9631796 11 0.0032646847371602 0.0032646847371602
"33" "codingsynononly" 512.290322580645 560.038709677419 16731.6129032258 29.875815035827 3700 0.00118158846390539 0.0032646847371602 0.160050783353998 4054504 9631796 12 0.0032646847371602 0.0032646847371602
"36" "codingsynononly" 512.290322580645 560.038709677419 16731.6129032258 29.875815035827 3700 0.00118158846390539 0.0032646847371602 0.160050783353998 4054504 9631796 13 0.0032646847371602 0.0032646847371602
"39" "codingsynononly" 512.290322580645 560.038709677419 16731.6129032258 29.875815035827 3700 0.00118158846390539 0.0032646847371602 0.160050783353998 4054504 9631796 14 0.0032646847371602 0.0032646847371602
"42" "codingsynononly" 512.290322580645 560.038709677419 16731.6129032258 29.875815035827 3700 0.00118158846390539 0.0032646847371602 0.160050783353998 4054504 9631796 15 0.0032646847371602 0.0032646847371602
"45" "codingsynononly" 512.290322580645 560.038709677419 16731.6129032258 29.875815035827 3700 0.00118158846390539 0.0032646847371602 0.160050783353998 4054504 9631796 16 0.0032646847371602 0.0032646847371602
"48" "codingsynononly" 512.290322580645 560.038709677419 16731.6129032258 29.875815035827 3700 0.00118158846390539 0.0032646847371602 0.160050783353998 4054504 9631796 17 0.0032646847371602 0.0032646847371602
"51" "codingsynononly" 512.290322580645 560.038709677419 16731.6129032258 29.875815035827 3700 0.00118158846390539 0.0032646847371602 0.160050783353998 4054504 9631796 18 0.0032646847371602 0.0032646847371602
"54" "codingsynononly" 512.290322580645 560.038709677419 16731.6129032258 29.875815035827 3700 0.00118158846390539 0.0032646847371602 0.160050783353998 4054504 9631796 19 0.0032646847371602 0.0032646847371602
"57" "codingsynononly" 547.129032258065 587.94623655914 16574.3827956989 28.1903034071581 3754 0.00113469420231102 0.00311434106588771 0.160586300907818 4241982 9846780 20 0.00311434106588771 0.00311434106588771
"2" "missense" 71.2258064516129 76.1849462365591 171.38064516129 2.24953424038842 1104 7.8175873215285e-05 0.00067998851833409 0.115531480424321 135710 1082002 2 0.00067998851833409 0.00067998851833409
"5" "missense" 140.806451612903 151.660215053763 661.961290322581 4.36476560505941 1823 0.000153635451891045 0.000965855324680093 0.12939284880383 499624 2821882 3 0.000965855324680093 0.000965855324680093
"8" "missense" 209.193548387097 227.008602150538 2250.49462365591 9.91369755302722 2353 0.000365629277269678 0.00184515437554133 0.139624865206209 1032110 4502146 4 0.00184515437554133 0.00184515437554133
"11" "missense" 280.161290322581 309.447311827957 6201.2064516129 20.0396197174289 2793 0.000755542040193729 0.00301716079711592 0.147239219307149 1703794 6094262 5 0.00301716079711592 0.00301716079711592
"14" "missense" 361.258064516129 409.694623655914 20155.464516129 49.1963119659017 3212 0.00191451260246758 0.00618733347980072 0.15569093172019 2537452 7776280 6 0.00618733347980072 0.00618733347980072
"17" "missense" 415.225806451613 466.468817204301 19464.3806451613 41.7270778394527 3451 0.00159566534614684 0.00490938004014338 0.156860264580919 3134722 8771228 7 0.00490938004014338 0.00490938004014338
"20" "missense" 461.677419354839 513.681720430108 19240.0924731183 37.4552796175197 3631 0.00142076310684685 0.00422566857674359 0.157929303711994 3620460 9560070 8 0.00422566857674359 0.00422566857674359
"23" "missense" 500 553.451612903226 19253.3333333333 34.7877445551864 3763 0.00132094839046225 0.00383945111907163 0.158667111141584 4015346 10141060 9 0.00383945111907163 0.00383945111907163
"26" "missense" 500 553.451612903226 19253.3333333333 34.7877445551864 3763 0.00132094839046225 0.00383945111907163 0.158667111141584 4015346 10141060 10 0.00383945111907163 0.00383945111907163
"29" "missense" 500 553.451612903226 19253.3333333333 34.7877445551864 3763 0.00132094839046225 0.00383945111907163 0.158667111141584 4015346 10141060 11 0.00383945111907163 0.00383945111907163
"32" "missense" 500 553.451612903226 19253.3333333333 34.7877445551864 3763 0.00132094839046225 0.00383945111907163 0.158667111141584 4015346 10141060 12 0.00383945111907163 0.00383945111907163
"35" "missense" 500 553.451612903226 19253.3333333333 34.7877445551864 3763 0.00132094839046225 0.00383945111907163 0.158667111141584 4015346 10141060 13 0.00383945111907163 0.00383945111907163
"38" "missense" 500 553.451612903226 19253.3333333333 34.7877445551864 3763 0.00132094839046225 0.00383945111907163 0.158667111141584 4015346 10141060 14 0.00383945111907163 0.00383945111907163
"41" "missense" 500 553.451612903226 19253.3333333333 34.7877445551864 3763 0.00132094839046225 0.00383945111907163 0.158667111141584 4015346 10141060 15 0.00383945111907163 0.00383945111907163
"44" "missense" 500 553.451612903226 19253.3333333333 34.7877445551864 3763 0.00132094839046225 0.00383945111907163 0.158667111141584 4015346 10141060 16 0.00383945111907163 0.00383945111907163
"47" "missense" 500 553.451612903226 19253.3333333333 34.7877445551864 3763 0.00132094839046225 0.00383945111907163 0.158667111141584 4015346 10141060 17 0.00383945111907163 0.00383945111907163
"50" "missense" 500 553.451612903226 19253.3333333333 34.7877445551864 3763 0.00132094839046225 0.00383945111907163 0.158667111141584 4015346 10141060 18 0.00383945111907163 0.00383945111907163
"53" "missense" 500 553.451612903226 19253.3333333333 34.7877445551864 3763 0.00132094839046225 0.00383945111907163 0.158667111141584 4015346 10141060 19 0.00383945111907163 0.00383945111907163
"56" "missense" 525.806451612903 574.38064516129 18947.9612903226 32.988509362118 3803 0.00127073608276816 0.00369162201793069 0.159072050101149 4155158 10303848 20 0.00369162201793069 0.00369162201793069
"1" "splicenonsense" 1.74193548387097 1.88387096774194 1.13118279569892 0.600456621004566 27 -0.00107220537328064 -0.015360675031422 0.10151536517434 62 640 2 -0.015360675031422 0.00131350975829086
"4" "splicenonsense" 3.48387096774194 3.84301075268817 4.39139784946237 1.14269725797426 45 0.000276963180188986 0.00241981911961569 0.125646550774836 326 1654 3 0.00241981911961569 0.00241981911961569
"7" "splicenonsense" 4.38709677419355 4.85591397849462 5.31182795698925 1.09388839681134 52 0.000171913264892392 0.00155508449345894 0.130591479999864 490 2162 4 0.00155508449345894 0.00160037127671057
"10" "splicenonsense" 6 6.92043010752688 6.8 0.982597886886265 62 -3.18429686744797e-05 -0.00143409350625238 0.135904042524489 768 3014 5 -0.00143409350625238 0.00258262174805372
"13" "splicenonsense" 7.93548387096774 9.73333333333333 20.1956989247312 2.07490057445868 72 0.00204662863681492 0.0024182251857583 0.147179105957458 1118 3994 6 0.0024182251857583 0.00583809524071074
"16" "splicenonsense" 9.51612903225806 11.2645161290323 20.858064516129 1.85166093928981 79 0.00155688873532891 0.00173758164450217 0.150144625623385 1522 4640 7 0.00173758164450217 0.00463628278908012
"19" "splicenonsense" 10.8064516129032 12.6537634408602 22.2279569892473 1.75662814411965 84 0.00137323487498381 0.000593817770098154 0.153091358772392 1808 5164 8 0.000593817770098154 0.00385114471683409
"22" "splicenonsense" 12.258064516129 14.0516129032258 22.7311827956989 1.61769207223753 89 0.00110821883203181 -2.52247656761833e-05 0.154612260162979 2156 5676 9 -2.52247656761833e-05 0.0032646847371602
"25" "splicenonsense" 12.258064516129 14.0516129032258 22.7311827956989 1.61769207223753 89 0.00110821883203181 -2.52247656761833e-05 0.154612260162979 2156 5676 10 -2.52247656761833e-05 0.0032646847371602
"28" "splicenonsense" 12.258064516129 14.0516129032258 22.7311827956989 1.61769207223753 89 0.00110821883203181 -2.52247656761833e-05 0.154612260162979 2156 5676 11 -2.52247656761833e-05 0.0032646847371602
"31" "splicenonsense" 12.258064516129 14.0516129032258 22.7311827956989 1.61769207223753 89 0.00110821883203181 -2.52247656761833e-05 0.154612260162979 2156 5676 12 -2.52247656761833e-05 0.0032646847371602
"34" "splicenonsense" 12.258064516129 14.0516129032258 22.7311827956989 1.61769207223753 89 0.00110821883203181 -2.52247656761833e-05 0.154612260162979 2156 5676 13 -2.52247656761833e-05 0.0032646847371602
"37" "splicenonsense" 12.258064516129 14.0516129032258 22.7311827956989 1.61769207223753 89 0.00110821883203181 -2.52247656761833e-05 0.154612260162979 2156 5676 14 -2.52247656761833e-05 0.0032646847371602
"40" "splicenonsense" 12.258064516129 14.0516129032258 22.7311827956989 1.61769207223753 89 0.00110821883203181 -2.52247656761833e-05 0.154612260162979 2156 5676 15 -2.52247656761833e-05 0.0032646847371602
"43" "splicenonsense" 12.258064516129 14.0516129032258 22.7311827956989 1.61769207223753 89 0.00110821883203181 -2.52247656761833e-05 0.154612260162979 2156 5676 16 -2.52247656761833e-05 0.0032646847371602
"46" "splicenonsense" 12.258064516129 14.0516129032258 22.7311827956989 1.61769207223753 89 0.00110821883203181 -2.52247656761833e-05 0.154612260162979 2156 5676 17 -2.52247656761833e-05 0.0032646847371602
"49" "splicenonsense" 12.258064516129 14.0516129032258 22.7311827956989 1.61769207223753 89 0.00110821883203181 -2.52247656761833e-05 0.154612260162979 2156 5676 18 -2.52247656761833e-05 0.0032646847371602
"52" "splicenonsense" 12.258064516129 14.0516129032258 22.7311827956989 1.61769207223753 89 0.00110821883203181 -2.52247656761833e-05 0.154612260162979 2156 5676 19 -2.52247656761833e-05 0.0032646847371602
"55" "splicenonsense" 12.9032258064516 14.6215053763441 23.2903225806452 1.59288130607442 90 0.00108224933886405 0.00048948208985473 0.155246000978552 2254 5756 20 0.00048948208985473 0.00311434106588771
