"VariantType" "Mean" "Va" "V" "V.Va" "Nloci" "NetLD" "cor" "cor_abs" "pos" "neg" "mdac" "themin" "themax"
"3" "codingsynononly" 34.1728395061728 35.8206790123456 86.5197530864198 2.41535770599437 1384 2.64875480515227e-05 0.00102993242236085 0.0475662310851476 88916 1825156 2 0.0475662310851476 0.0475662310851476
"6" "codingsynononly" 65.2098765432099 68.6067901234568 193.917901234568 2.82651179111595 2222 2.53920034056535e-05 0.000873979846772961 0.0543615661985948 310482 4624580 3 0.0543615661985948 0.0543615661985948
"9" "codingsynononly" 96.8641975308642 102.799074074074 318.118827160494 3.09456899321162 2863 2.62780355408544e-05 0.000796467062564882 0.0600319492806577 657486 7536420 4 0.0600319492806577 0.0600319492806577
"12" "codingsynononly" 124.58024691358 132.654320987654 374.821604938272 2.82555141926478 3312 2.20834011747018e-05 0.000637822872470856 0.0642167564327838 1052292 9913740 5 0.0642167564327838 0.0642167564327838
"15" "codingsynononly" 150.654320987654 160.598765432099 380.904012345679 2.37177422454549 3664 1.64146813730349e-05 0.000494975686026791 0.0676197516914559 1497450 11923782 6 0.0676197516914559 0.0676197516914559
"18" "codingsynononly" 177.876543209877 189.929320987654 391.284567901235 2.06015883101414 3979 1.27210872991691e-05 0.000395121814074536 0.0706207696280275 2028450 13800012 7 0.0706207696280275 0.0706207696280275
"21" "codingsynononly" 204.740740740741 218.092901234568 381.294444444444 1.7483120371458 4251 9.03325408332304e-06 0.000305176336681009 0.0731958251276147 2616434 15450316 8 0.0731958251276147 0.0731958251276147
"24" "codingsynononly" 229.851851851852 244.467901234568 451.902777777778 1.84851579898899 4477 1.03515314268963e-05 0.000310316150166982 0.0751426231736682 3215394 16823608 9 0.0751426231736682 0.0751426231736682
"27" "codingsynononly" 252.814814814815 267.847530864197 484.852777777778 1.81018199500822 4663 9.98234441574845e-06 0.000287442549667614 0.0766344283029523 3779502 17959354 10 0.0766344283029523 0.0766344283029523
"30" "codingsynononly" 275.765432098765 291.454320987654 449.106790123457 1.54091656147545 4832 6.75362300113894e-06 0.000228509245307541 0.0779251183967248 4317410 19025932 11 0.0779251183967248 0.0779251183967248
"33" "codingsynononly" 296.802469135802 312.523765432099 469.01049382716 1.500719451459 4974 6.32635081046262e-06 0.000212216372980667 0.0789955329549938 4806302 19929350 12 0.0789955329549938 0.0789955329549938
"36" "codingsynononly" 315.740740740741 332.421296296296 480.494444444444 1.44543821288804 5092 5.71195553372256e-06 0.000195137180036237 0.0798064112159413 5246112 20677210 13 0.0798064112159413 0.0798064112159413
"39" "codingsynononly" 338.20987654321 355.464197530864 512.692901234568 1.4423193806742 5222 5.76688476220836e-06 0.00018527979275466 0.0806741349824234 5744442 21519570 14 0.0806741349824234 0.0806741349824234
"42" "codingsynononly" 358.950617283951 376.075308641975 454.822530864198 1.20939216272023 5334 2.76828403512503e-06 0.000149558974769058 0.0813677242360397 6208926 22237246 15 0.0813677242360397 0.0813677242360397
"45" "codingsynononly" 375.345679012346 392.221296296296 520.279012345679 1.32649353122489 5417 4.36483931574156e-06 0.000160086350928339 0.0818840279898963 6584528 22753894 16 0.0818840279898963 0.0818840279898963
"48" "codingsynononly" 393.395061728395 410.235802469136 588.616975308642 1.43482595074799 5503 5.89154116060637e-06 0.000173915677833753 0.0823944048818541 6966144 23311312 17 0.0823944048818541 0.0823944048818541
"51" "codingsynononly" 415.172839506173 431.685802469136 563.56975308642 1.30550912228973 5601 4.20473227412465e-06 0.000154047514052789 0.0829504398730462 7420358 23945152 18 0.0829504398730462 0.0829504398730462
"54" "codingsynononly" 432.061728395062 448.099691358025 578.733641975309 1.29152876722896 5673 4.05982258453872e-06 0.000142887304124216 0.0833696650427747 7768056 24409110 19 0.0833696650427747 0.0833696650427747
"57" "codingsynononly" 448.851851851852 464.527160493827 595.152777777778 1.28120124804992 5741 3.96395683363055e-06 0.000138296349579114 0.0837254263088266 8118210 24835040 20 0.0837254263088266 0.0837254263088266
"2" "missense" 40.5925925925926 43.2851851851852 107.294444444444 2.47877984084881 1644 2.36975487170594e-05 0.000912985927754911 0.0470040559421164 121686 2579406 2 0.0470040559421164 0.0470040559421164
"5" "missense" 77.2962962962963 82.6462962962963 226.411111111111 2.73951914674315 2635 2.07136302266543e-05 0.000677588025535224 0.053689784197306 419586 6521004 3 0.053689784197306 0.053689784197306
"8" "missense" 106.234567901235 113.699382716049 301.331790123457 2.65025000950091 3221 1.80909450411226e-05 0.000552246375126651 0.0584072542758031 771072 9600548 4 0.0584072542758031 0.0584072542758031
"11" "missense" 135 144.726543209876 338.725 2.34044835513548 3687 1.42747925900378e-05 0.000422471056039485 0.0625126339150917 1211994 12378288 5 0.0625126339150917 0.0625126339150917
"14" "missense" 163.740740740741 175.845987654321 364.969444444444 2.07550623879974 4075 1.13919156217416e-05 0.000333230228558062 0.0660403393644498 1736704 14864846 6 0.0660403393644498 0.0660403393644498
"17" "missense" 186.987654320988 200.249382716049 400.462345679012 1.99981812801322 4344 1.06123739988315e-05 0.000297399678723614 0.0686392619747177 2224638 16641354 7 0.0686392619747177 0.0686392619747177
"20" "missense" 209.012345679012 223.696913580247 409.962345679012 1.83266876202092 4567 8.9323420525318e-06 0.000250038555838959 0.0706824640501708 2725524 18127398 8 0.0706824640501708 0.0706824640501708
"23" "missense" 229.79012345679 245.196913580247 406.242901234568 1.65680267056712 4754 7.12726517717442e-06 0.000209426229950544 0.072403867806341 3223260 19372470 9 0.072403867806341 0.072403867806341
"26" "missense" 251.148148148148 267.052160493827 448.402777777778 1.6790831309831 4927 7.47208955516891e-06 0.000204868723470233 0.0739323637781107 3750252 20520118 10 0.0739323637781107 0.0739323637781107
"29" "missense" 271.111111111111 287.11975308642 484.9 1.68884235510627 5074 7.68365027529797e-06 0.000194975623955019 0.0752213110954921 4232786 21507584 11 0.0752213110954921 0.0752213110954921
"32" "missense" 291.259259259259 307.597530864197 510.719444444444 1.66034962312465 5210 7.48453284494123e-06 0.000182507170809712 0.0763740437333337 4703898 22434960 12 0.0763740437333337 0.0763740437333337
"35" "missense" 307.308641975309 324.114506172839 550.391049382716 1.6981376609204 5310 8.02661235140543e-06 0.000175753353514353 0.0771804671252033 5084098 23106660 13 0.0771804671252033 0.0771804671252033
"38" "missense" 325.111111111111 341.849074074074 610.525 1.78594896491575 5413 9.17134306866043e-06 0.000172458692401749 0.0779876819558517 5484950 23810174 14 0.0779876819558517 0.0779876819558517
"41" "missense" 345.111111111111 362.174074074074 601 1.65942303169133 5521 7.83654524378349e-06 0.000152820822786344 0.078781800266923 5929574 24546314 15 0.078781800266923 0.078781800266923
"44" "missense" 358.938271604938 375.933641975308 623.133641975309 1.65756285790522 5591 7.90946605024879e-06 0.000146353269288031 0.0792670343331586 6246246 25007412 16 0.0792670343331586 0.0792670343331586
"47" "missense" 375.518518518519 391.922839506173 657.227777777778 1.67693155776758 5670 8.25383566840063e-06 0.000144540265397233 0.0798698735536214 6593586 25549612 17 0.0798698735536214 0.0798698735536214
"50" "missense" 389.740740740741 405.922839506173 684.319444444444 1.68583626700325 5734 8.46884734048095e-06 0.000132463911897515 0.080316801238466 6889560 25983392 18 0.080316801238466 0.080316801238466
"53" "missense" 403.111111111111 418.35987654321 665.925 1.59175159315552 5791 7.38341591507727e-06 0.000117860034090305 0.0806857757839537 7170608 26359212 19 0.0806857757839537 0.0806857757839537
"56" "missense" 415.950617283951 430.475 721.822530864198 1.67680476418886 5843 8.53520394591367e-06 0.000116111795643416 0.0810151485706708 7440906 26693830 20 0.0810151485706708 0.0810151485706708
"1" "splicenonsense" 0.790123456790123 0.805246913580246 1.1179012345679 1.38827136834036 32 0.000315175726802072 0.0121673985966919 0.0584493024878419 68 924 2 0.0584493024878419 0.0584493024878419
"4" "splicenonsense" 1.67901234567901 1.69691358024691 2.39567901234568 1.41178610403783 56 0.000226871893538561 0.00754230481264278 0.0623042645159473 260 2820 3 0.0623042645159473 0.0623042645159473
"7" "splicenonsense" 2.66666666666667 2.77253086419753 4.05 1.4607592118446 76 0.000224117392246048 0.0063222848268022 0.0670388817035527 584 5116 4 0.0670388817035527 0.0670388817035527
"10" "splicenonsense" 3.46913580246914 3.63487654320987 4.95216049382716 1.36240129065127 89 0.000168192537106395 0.00466025667535022 0.0699257554986062 910 6922 5 0.0699257554986062 0.0699257554986062
"13" "splicenonsense" 4.20987654320988 4.40432098765432 6.0429012345679 1.37203924316749 99 0.000168890975769283 0.00418870846021597 0.0727704050157496 1298 8404 6 0.0727704050157496 0.0727704050157496
"16" "splicenonsense" 4.64197530864198 4.85401234567901 6.35771604938272 1.30978571882749 104 0.000140375625812519 0.00372317855927028 0.0744188230169233 1518 9194 7 0.0744188230169233 0.0744188230169233
"19" "splicenonsense" 5.03703703703704 5.2395061728395 6.61111111111111 1.26178133836004 108 0.000118692016119038 0.00327565169915973 0.0758472710142434 1736 9820 8 0.0758472710142434 0.0758472710142434
"22" "splicenonsense" 5.7037037037037 5.9145061728395 6.88611111111111 1.16427490476439 114 7.54234542983704e-05 0.00265791971171581 0.0776437646880581 2128 10754 9 0.0776437646880581 0.0776437646880581
"25" "splicenonsense" 6.19753086419753 6.40277777777778 7.03549382716049 1.09881899252832 118 4.58290634059625e-05 0.00220387662556178 0.0785362981264283 2436 11370 10 0.0785362981264283 0.0785362981264283
"28" "splicenonsense" 6.46913580246914 6.66543209876543 6.87716049382716 1.03176514169291 120 1.48269184216899e-05 0.00166707131491204 0.0790137712367888 2580 11700 11 0.0790137712367888 0.0790137712367888
"31" "splicenonsense" 7.35802469135802 7.58209876543209 7.60771604938272 1.00337865342343 126 1.62649421908703e-06 0.00124434143419481 0.0805863408279998 3072 12678 12 0.0805863408279998 0.0805863408279998
"34" "splicenonsense" 8.32098765432099 8.57561728395061 8.29567901234568 0.967356487313299 132 -1.61888891744698e-05 0.000796273064570106 0.0818000863473496 3634 13658 13 0.0818000863473496 0.0818000863473496
"37" "splicenonsense" 9.01234567901234 9.30462962962963 9.73734567901235 1.04650545659601 136 2.35684122757473e-05 0.00109281823689553 0.0827277216623158 4062 14298 14 0.0827277216623158 0.0827277216623158
"40" "splicenonsense" 9.38271604938272 9.71018518518518 9.1641975308642 0.943771653793586 138 -2.88790677203525e-05 0.000625965004109274 0.0830183091201851 4236 14670 15 0.0830183091201851 0.0830183091201851
"43" "splicenonsense" 9.58024691358025 9.87067901234567 9.84660493827161 0.997561051874551 139 -1.25503461964698e-06 0.000806143530594937 0.0834955124162568 4366 14816 16 0.0834955124162568 0.0834955124162568
"46" "splicenonsense" 10 10.2564814814815 11.15 1.08711745057326 141 4.52643626402495e-05 0.00107818120325353 0.0841507840086923 4608 15132 17 0.0841507840086923 0.0841507840086923
"49" "splicenonsense" 10.6666666666667 10.9064814814815 11.95 1.09567875031836 144 5.06759187314745e-05 0.00111373087392261 0.084576927418769 5002 15590 18 0.084576927418769 0.084576927418769
"52" "splicenonsense" 10.9012345679012 11.1382716049383 12.2151234567901 1.09668033695411 145 5.1573364552292e-05 0.00105785518376912 0.0849225199468975 5110 15770 19 0.0849225199468975 0.0849225199468975
"55" "splicenonsense" 11.3950617283951 11.5648148148148 11.941975308642 1.03261275687216 147 1.75734085279641e-05 0.000697565137794218 0.0853266999672324 5358 16104 20 0.0853266999672324 0.0853266999672324
