"VariantType" "Mean" "Va" "V" "V.Va" "Nloci" "NetLD" "cor" "cor_abs" "pos" "neg" "mdac" "themin" "themax"
"3" "codingsynononly" 494.666666666667 514.333333333333 2264.38461538462 4.40256244079964 6678 3.9248492824695e-05 0.000517376793439114 0.132213605032478 5996402 38592604 2 0.132213605032478 0.132213605032478
"6" "codingsynononly" 1021.11111111111 1046.89743589744 7558.5641025641 7.21996620049474 11416 4.99691871600445e-05 0.000549774292791072 0.147810686467567 24814890 105498750 3 0.147810686467567 0.147810686467567
"9" "codingsynononly" 1608.66666666667 1629.2735042735 16752.7692307692 10.2823554098361 15382 6.39226555662387e-05 0.000601315918243742 0.157271911552565 59015140 177575402 4 0.157271911552565 0.157271911552565
"12" "codingsynononly" 2240.88888888889 2242.53846153846 34251.641025641 15.273602488023 18796 9.06078304573884e-05 0.000714787554495658 0.161352544651213 108715276 244555544 5 0.161352544651213 0.161352544651213
"15" "codingsynononly" 2909.33333333333 2876.89743589744 52091.9230769231 18.1069795630977 21804 0.000103525011535151 0.000752286566695137 0.162781639141888 161809860 313582752 6 0.162781639141888 0.162781639141888
"18" "codingsynononly" 3571.74074074074 3495.36467236467 72322.3532763533 20.6909321502715 24359 0.000115999919189179 0.000792310433581217 0.163430267815194 212791778 380544744 7 0.163430267815194 0.163430267815194
"21" "codingsynononly" 4246.11111111111 4103.63532763533 98824.4871794872 24.082180625059 26635 0.000133523128229094 0.000848063547894971 0.163741370668508 267045558 442351032 8 0.163741370668508 0.163741370668508
"24" "codingsynononly" 4955.11111111111 4727.63532763533 123237.717948718 26.0675177775099 28762 0.000143262404773128 0.000866660321184883 0.163625962344094 316734114 510428050 9 0.163625962344094 0.163625962344094
"27" "codingsynononly" 4955.11111111111 4727.63532763533 123237.717948718 26.0675177775099 28762 0.000143262404773128 0.000866660321184883 0.163625962344094 316734114 510428050 10 0.163625962344094 0.163625962344094
"30" "codingsynononly" 4955.11111111111 4727.63532763533 123237.717948718 26.0675177775099 28762 0.000143262404773128 0.000866660321184883 0.163625962344094 316734114 510428050 11 0.163625962344094 0.163625962344094
"33" "codingsynononly" 4955.11111111111 4727.63532763533 123237.717948718 26.0675177775099 28762 0.000143262404773128 0.000866660321184883 0.163625962344094 316734114 510428050 12 0.163625962344094 0.163625962344094
"36" "codingsynononly" 4955.11111111111 4727.63532763533 123237.717948718 26.0675177775099 28762 0.000143262404773128 0.000866660321184883 0.163625962344094 316734114 510428050 13 0.163625962344094 0.163625962344094
"39" "codingsynononly" 4955.11111111111 4727.63532763533 123237.717948718 26.0675177775099 28762 0.000143262404773128 0.000866660321184883 0.163625962344094 316734114 510428050 14 0.163625962344094 0.163625962344094
"42" "codingsynononly" 4955.11111111111 4727.63532763533 123237.717948718 26.0675177775099 28762 0.000143262404773128 0.000866660321184883 0.163625962344094 316734114 510428050 15 0.163625962344094 0.163625962344094
"45" "codingsynononly" 4955.11111111111 4727.63532763533 123237.717948718 26.0675177775099 28762 0.000143262404773128 0.000866660321184883 0.163625962344094 316734114 510428050 16 0.163625962344094 0.163625962344094
"48" "codingsynononly" 4955.11111111111 4727.63532763533 123237.717948718 26.0675177775099 28762 0.000143262404773128 0.000866660321184883 0.163625962344094 316734114 510428050 17 0.163625962344094 0.163625962344094
"51" "codingsynononly" 4955.11111111111 4727.63532763533 123237.717948718 26.0675177775099 28762 0.000143262404773128 0.000866660321184883 0.163625962344094 316734114 510428050 18 0.163625962344094 0.163625962344094
"54" "codingsynononly" 4955.11111111111 4727.63532763533 123237.717948718 26.0675177775099 28762 0.000143262404773128 0.000866660321184883 0.163625962344094 316734114 510428050 19 0.163625962344094 0.163625962344094
"57" "codingsynononly" 5789.18518518519 5248.73219373219 135115.772079772 25.7425540287846 29888 0.000145385054455965 0.000884167218734929 0.16371712953726 350483994 542716944 20 0.16371712953726 0.16371712953726
"2" "missense" 489.111111111111 510.760683760684 2119.94871794872 4.15057146203919 6603 3.69139038998144e-05 0.000448842121019177 0.131887329844087 5827754 37765252 2 0.131887329844087 0.131887329844087
"5" "missense" 1006.88888888889 1031.09401709402 8547.33333333333 8.28957708184817 11263 5.92558172738651e-05 0.000620542119406876 0.147892963567461 24141256 102702650 3 0.147892963567461 0.147892963567461
"8" "missense" 1572.37037037037 1582.8660968661 18629.4729344729 11.7694560338093 15080 7.49659522518574e-05 0.000686540658645641 0.157472901788954 56715726 170675594 4 0.157472901788954 0.157472901788954
"11" "missense" 2157.37037037037 2134.94301994302 32578.2421652422 15.2595370747233 18239 9.15194666492192e-05 0.000758301858383289 0.161592461669833 101940594 230702288 5 0.161592461669833 0.161592461669833
"14" "missense" 2779.14814814815 2709.60968660969 53271.0541310541 19.6600471257201 21037 0.000114254286703443 0.000856781213428449 0.163104144139646 150294650 292239682 6 0.163104144139646 0.163104144139646
"17" "missense" 3388.14814814815 3258.301994302 78343.207977208 24.0441825571147 23386 0.000137296454314684 0.00094889142707642 0.163842947873229 195882820 350998790 7 0.163842947873229 0.163842947873229
"20" "missense" 4005.62962962963 3803.38461538462 113767.54985755 29.9121864765826 25470 0.000169515862385781 0.00108581579771696 0.164156793018531 243980224 404715206 8 0.164156793018531 0.164156793018531
"23" "missense" 4648.96296296296 4354.30769230769 153379.267806268 35.2247196671993 27400 0.000198506046112771 0.00119582417480782 0.164112061840589 287381112 463287634 9 0.164112061840589 0.164112061840589
"26" "missense" 4648.96296296296 4354.30769230769 153379.267806268 35.2247196671993 27400 0.000198506046112771 0.00119582417480782 0.164112061840589 287381112 463287634 10 0.164112061840589 0.164112061840589
"29" "missense" 4648.96296296296 4354.30769230769 153379.267806268 35.2247196671993 27400 0.000198506046112771 0.00119582417480782 0.164112061840589 287381112 463287634 11 0.164112061840589 0.164112061840589
"32" "missense" 4648.96296296296 4354.30769230769 153379.267806268 35.2247196671993 27400 0.000198506046112771 0.00119582417480782 0.164112061840589 287381112 463287634 12 0.164112061840589 0.164112061840589
"35" "missense" 4648.96296296296 4354.30769230769 153379.267806268 35.2247196671993 27400 0.000198506046112771 0.00119582417480782 0.164112061840589 287381112 463287634 13 0.164112061840589 0.164112061840589
"38" "missense" 4648.96296296296 4354.30769230769 153379.267806268 35.2247196671993 27400 0.000198506046112771 0.00119582417480782 0.164112061840589 287381112 463287634 14 0.164112061840589 0.164112061840589
"41" "missense" 4648.96296296296 4354.30769230769 153379.267806268 35.2247196671993 27400 0.000198506046112771 0.00119582417480782 0.164112061840589 287381112 463287634 15 0.164112061840589 0.164112061840589
"44" "missense" 4648.96296296296 4354.30769230769 153379.267806268 35.2247196671993 27400 0.000198506046112771 0.00119582417480782 0.164112061840589 287381112 463287634 16 0.164112061840589 0.164112061840589
"47" "missense" 4648.96296296296 4354.30769230769 153379.267806268 35.2247196671993 27400 0.000198506046112771 0.00119582417480782 0.164112061840589 287381112 463287634 17 0.164112061840589 0.164112061840589
"50" "missense" 4648.96296296296 4354.30769230769 153379.267806268 35.2247196671993 27400 0.000198506046112771 0.00119582417480782 0.164112061840589 287381112 463287634 18 0.164112061840589 0.164112061840589
"53" "missense" 4648.96296296296 4354.30769230769 153379.267806268 35.2247196671993 27400 0.000198506046112771 0.00119582417480782 0.164112061840589 287381112 463287634 19 0.164112061840589 0.164112061840589
"56" "missense" 5431.92592592593 4794.7207977208 200897.148148148 41.8996551881907 28457 0.000242169811280041 0.00139690544055858 0.16427851149073 318367724 491340814 20 0.16427851149073 0.16427851149073
"1" "splicenonsense" 20.2222222222222 21.5982905982906 37.6410256410256 1.74277799762564 273 0.000216046313331381 0.00284789777829882 0.132053423358533 10026 64230 2 0.132053423358533 0.132213605032478
"4" "splicenonsense" 40.6666666666667 42.4700854700855 73 1.71885691285973 457 0.000146502334686142 0.00148748655313026 0.146646554356835 38982 169410 3 0.146646554356835 0.147810686467567
"7" "splicenonsense" 65.1111111111111 66.017094017094 140.948717948718 2.13503366131538 622 0.000193991704935054 0.00181539936828497 0.157279546637532 97358 288904 4 0.157279546637532 0.157279546637532
"10" "splicenonsense" 90.4814814814815 90.5612535612536 309.182336182336 3.41406864441438 759 0.000379997779714808 0.00296219771644112 0.16157521747561 179784 395538 5 0.16157521747561 0.16157521747561
"13" "splicenonsense" 114.481481481481 112.407407407407 304.413105413105 2.7081231783044 867 0.000255727320197994 0.00214094533229562 0.16293251773062 256354 494468 6 0.16293251773062 0.16293251773062
"16" "splicenonsense" 140.407407407407 135.42735042735 384.789173789174 2.84129588724098 967 0.000266947811272857 0.00215997813141249 0.163916808655033 335734 598388 7 0.163916808655033 0.163916808655033
"19" "splicenonsense" 165.592592592593 157.908831908832 477.173789173789 3.02183090968138 1052 0.000288757183331606 0.00222571540749681 0.164364020921128 415856 689796 8 0.164364020921128 0.164364020921128
"22" "splicenonsense" 192.259259259259 180.139601139601 661.584045584046 3.67261857691882 1132 0.00037604268748414 0.00257142286197325 0.164521136299551 491228 788960 9 0.164521136299551 0.164521136299551
"25" "splicenonsense" 192.259259259259 180.139601139601 661.584045584046 3.67261857691882 1132 0.00037604268748414 0.00257142286197325 0.164521136299551 491228 788960 10 0.164521136299551 0.164521136299551
"28" "splicenonsense" 192.259259259259 180.139601139601 661.584045584046 3.67261857691882 1132 0.00037604268748414 0.00257142286197325 0.164521136299551 491228 788960 11 0.164521136299551 0.164521136299551
"31" "splicenonsense" 192.259259259259 180.139601139601 661.584045584046 3.67261857691882 1132 0.00037604268748414 0.00257142286197325 0.164521136299551 491228 788960 12 0.164521136299551 0.164521136299551
"34" "splicenonsense" 192.259259259259 180.139601139601 661.584045584046 3.67261857691882 1132 0.00037604268748414 0.00257142286197325 0.164521136299551 491228 788960 13 0.164521136299551 0.164521136299551
"37" "splicenonsense" 192.259259259259 180.139601139601 661.584045584046 3.67261857691882 1132 0.00037604268748414 0.00257142286197325 0.164521136299551 491228 788960 14 0.164521136299551 0.164521136299551
"40" "splicenonsense" 192.259259259259 180.139601139601 661.584045584046 3.67261857691882 1132 0.00037604268748414 0.00257142286197325 0.164521136299551 491228 788960 15 0.164521136299551 0.164521136299551
"43" "splicenonsense" 192.259259259259 180.139601139601 661.584045584046 3.67261857691882 1132 0.00037604268748414 0.00257142286197325 0.164521136299551 491228 788960 16 0.164521136299551 0.164521136299551
"46" "splicenonsense" 192.259259259259 180.139601139601 661.584045584046 3.67261857691882 1132 0.00037604268748414 0.00257142286197325 0.164521136299551 491228 788960 17 0.164521136299551 0.164521136299551
"49" "splicenonsense" 192.259259259259 180.139601139601 661.584045584046 3.67261857691882 1132 0.00037604268748414 0.00257142286197325 0.164521136299551 491228 788960 18 0.164521136299551 0.164521136299551
"52" "splicenonsense" 192.259259259259 180.139601139601 661.584045584046 3.67261857691882 1132 0.00037604268748414 0.00257142286197325 0.164521136299551 491228 788960 19 0.164521136299551 0.164521136299551
"55" "splicenonsense" 221.148148148148 197.763532763533 843.823361823362 4.26682993589282 1171 0.000471552423642463 0.00293991171856005 0.164663412075634 538802 831164 20 0.164663412075634 0.164663412075634
