"VariantType" "Mean" "Va" "V" "V.Va" "Nloci" "NetLD" "cor" "cor_abs" "pos" "neg" "mdac" "themin" "themax"
"3" "codingsynononly" 4.48979591836735 4.47959183673469 12.0051020408163 2.67995444191344 110 0.000627648891082705 0.0153852701207855 0.091223358587163 1184 10806 2 0.0153852701207855 0.0153852701207855
"6" "codingsynononly" 11.530612244898 11.3937074829932 49.3792517006803 4.33390551533696 225 0.000753681432890616 0.0150719691965165 0.105168528964147 7112 43288 3 0.0150719691965165 0.0150719691965165
"9" "codingsynononly" 19.0408163265306 18.6428571428571 84.0816326530612 4.51012588943624 317 0.000653264140779899 0.0117821721126368 0.112451462732959 17550 82622 4 0.0117821721126368 0.0117821721126368
"12" "codingsynononly" 28.0204081632653 27.2491496598639 113.937074829932 4.18130753627711 405 0.000529812523958367 0.00896361291992482 0.117942725215036 35078 128542 5 0.00896361291992482 0.00896361291992482
"15" "codingsynononly" 39.2857142857143 37.8826530612245 159.666666666667 4.21476992143659 497 0.000494028743450388 0.00754236685825241 0.122897568455891 63918 182594 6 0.00754236685825241 0.00754236685825241
"18" "codingsynononly" 49.5714285714286 47.9243197278911 185.041666666667 3.86112244716904 569 0.000424259718491719 0.00617754110301365 0.124627643040813 93688 229500 7 0.00617754110301365 0.00617754110301365
"21" "codingsynononly" 59.0408163265306 56.7210884353741 216.414965986395 3.81542336291677 627 0.000406861309116948 0.00556526925796339 0.125740327389517 123454 269044 8 0.00556526925796339 0.00556526925796339
"24" "codingsynononly" 70.9795918367347 67.7534013605442 247.020408163265 3.64587464544793 692 0.000374900677586143 0.00489366084383463 0.126768745508905 159418 318750 9 0.00489366084383463 0.00489366084383463
"27" "codingsynononly" 70.9795918367347 67.7534013605442 247.020408163265 3.64587464544793 692 0.000374900677586143 0.00489366084383463 0.126768745508905 159418 318750 10 0.00489366084383463 0.00489366084383463
"30" "codingsynononly" 70.9795918367347 67.7534013605442 247.020408163265 3.64587464544793 692 0.000374900677586143 0.00489366084383463 0.126768745508905 159418 318750 11 0.00489366084383463 0.00489366084383463
"33" "codingsynononly" 70.9795918367347 67.7534013605442 247.020408163265 3.64587464544793 692 0.000374900677586143 0.00489366084383463 0.126768745508905 159418 318750 12 0.00489366084383463 0.00489366084383463
"36" "codingsynononly" 70.9795918367347 67.7534013605442 247.020408163265 3.64587464544793 692 0.000374900677586143 0.00489366084383463 0.126768745508905 159418 318750 13 0.00489366084383463 0.00489366084383463
"39" "codingsynononly" 70.9795918367347 67.7534013605442 247.020408163265 3.64587464544793 692 0.000374900677586143 0.00489366084383463 0.126768745508905 159418 318750 14 0.00489366084383463 0.00489366084383463
"42" "codingsynononly" 70.9795918367347 67.7534013605442 247.020408163265 3.64587464544793 692 0.000374900677586143 0.00489366084383463 0.126768745508905 159418 318750 15 0.00489366084383463 0.00489366084383463
"45" "codingsynononly" 70.9795918367347 67.7534013605442 247.020408163265 3.64587464544793 692 0.000374900677586143 0.00489366084383463 0.126768745508905 159418 318750 16 0.00489366084383463 0.00489366084383463
"48" "codingsynononly" 70.9795918367347 67.7534013605442 247.020408163265 3.64587464544793 692 0.000374900677586143 0.00489366084383463 0.126768745508905 159418 318750 17 0.00489366084383463 0.00489366084383463
"51" "codingsynononly" 70.9795918367347 67.7534013605442 247.020408163265 3.64587464544793 692 0.000374900677586143 0.00489366084383463 0.126768745508905 159418 318750 18 0.00489366084383463 0.00489366084383463
"54" "codingsynononly" 70.9795918367347 67.7534013605442 247.020408163265 3.64587464544793 692 0.000374900677586143 0.00489366084383463 0.126768745508905 159418 318750 19 0.00489366084383463 0.00489366084383463
"57" "codingsynononly" 83.2244897959184 77.8180272108843 250.677721088435 3.22133225517407 722 0.00033206360410009 0.00441383134260072 0.127032489708842 178880 341678 20 0.00441383134260072 0.00441383134260072
"2" "missense" 6.89795918367347 6.79591836734694 18.4268707482993 2.71146146146146 169 0.000409655972842786 0.0102249110174708 0.0871776778791278 2624 25768 2 0.0102249110174708 0.0102249110174708
"5" "missense" 15.530612244898 15.3605442176871 51.0042517006803 3.32047165633304 310 0.000372102594038973 0.00770554059719475 0.0976659672981157 11814 83976 3 0.00770554059719475 0.00770554059719475
"8" "missense" 24.6734693877551 24.2236394557823 85.9744897959184 3.54919787973462 422 0.000347574891311232 0.00624387568294546 0.106095364568439 27902 149760 4 0.00624387568294546 0.00624387568294546
"11" "missense" 37.8367346938776 37.2482993197279 147.097789115646 3.94911423614282 551 0.000362479755142446 0.00563856478254533 0.114208650370952 61052 241998 5 0.00563856478254533 0.00563856478254533
"14" "missense" 51.7959183673469 50.6700680272109 188.457482993197 3.71930590051688 665 0.000312046867845789 0.00442907078776976 0.118792917143562 107936 333624 6 0.00442907078776976 0.00442907078776976
"17" "missense" 65.3673469387755 63.5867346938775 281.945578231293 4.43403139960951 760 0.000378543172348337 0.00470117245562994 0.12178944375245 161424 415404 7 0.00470117245562994 0.00470117245562994
"20" "missense" 78.9183673469388 75.5365646258503 277.868197278912 3.67859193299636 843 0.000285052017950061 0.0035827650866051 0.123224358083861 217474 492320 8 0.0035827650866051 0.0035827650866051
"23" "missense" 93.9795918367347 89.2959183673469 340.437074829932 3.81245952843485 925 0.000293835446896671 0.00345831028935493 0.124681330445011 278300 576388 9 0.00345831028935493 0.00345831028935493
"26" "missense" 93.9795918367347 89.2959183673469 340.437074829932 3.81245952843485 925 0.000293835446896671 0.00345831028935493 0.124681330445011 278300 576388 10 0.00345831028935493 0.00345831028935493
"29" "missense" 93.9795918367347 89.2959183673469 340.437074829932 3.81245952843485 925 0.000293835446896671 0.00345831028935493 0.124681330445011 278300 576388 11 0.00345831028935493 0.00345831028935493
"32" "missense" 93.9795918367347 89.2959183673469 340.437074829932 3.81245952843485 925 0.000293835446896671 0.00345831028935493 0.124681330445011 278300 576388 12 0.00345831028935493 0.00345831028935493
"35" "missense" 93.9795918367347 89.2959183673469 340.437074829932 3.81245952843485 925 0.000293835446896671 0.00345831028935493 0.124681330445011 278300 576388 13 0.00345831028935493 0.00345831028935493
"38" "missense" 93.9795918367347 89.2959183673469 340.437074829932 3.81245952843485 925 0.000293835446896671 0.00345831028935493 0.124681330445011 278300 576388 14 0.00345831028935493 0.00345831028935493
"41" "missense" 93.9795918367347 89.2959183673469 340.437074829932 3.81245952843485 925 0.000293835446896671 0.00345831028935493 0.124681330445011 278300 576388 15 0.00345831028935493 0.00345831028935493
"44" "missense" 93.9795918367347 89.2959183673469 340.437074829932 3.81245952843485 925 0.000293835446896671 0.00345831028935493 0.124681330445011 278300 576388 16 0.00345831028935493 0.00345831028935493
"47" "missense" 93.9795918367347 89.2959183673469 340.437074829932 3.81245952843485 925 0.000293835446896671 0.00345831028935493 0.124681330445011 278300 576388 17 0.00345831028935493 0.00345831028935493
"50" "missense" 93.9795918367347 89.2959183673469 340.437074829932 3.81245952843485 925 0.000293835446896671 0.00345831028935493 0.124681330445011 278300 576388 18 0.00345831028935493 0.00345831028935493
"53" "missense" 93.9795918367347 89.2959183673469 340.437074829932 3.81245952843485 925 0.000293835446896671 0.00345831028935493 0.124681330445011 278300 576388 19 0.00345831028935493 0.00345831028935493
"56" "missense" 110.714285714286 101.948129251701 362.666666666667 3.55736460618395 966 0.000279683902868477 0.0032372615925361 0.124854071869256 315212 616966 20 0.0032372615925361 0.0032372615925361
"1" "splicenonsense" 0.122448979591837 0.119897959183673 0.10969387755102 0.914893617021276 3 -0.00170068027210885 -0.0425531914893617 0.0425531914893617 0 6 2 -0.0425531914893617 0.0153852701207855
"4" "splicenonsense" 0.306122448979592 0.295918367346939 0.258503401360544 0.873563218390805 6 -0.00124716553287982 -0.0294907655604813 0.0681381085556504 2 28 3 -0.0294907655604813 0.0150719691965165
"7" "splicenonsense" 0.63265306122449 0.60204081632653 0.695578231292517 1.15536723163842 10 0.00103930461073319 0.0127674743725199 0.116085372017268 18 72 4 0.0127674743725199 0.0127674743725199
"10" "splicenonsense" 1.04081632653061 0.976190476190476 1.20663265306122 1.23606271777004 14 0.00126616580698214 0.0164171943918029 0.130034867278676 46 136 5 0.0164171943918029 0.0164171943918029
"13" "splicenonsense" 1.53061224489796 1.41496598639456 1.75425170068027 1.23978365384615 18 0.00110877684407096 0.014987894483674 0.13353812281059 98 208 6 0.014987894483674 0.014987894483674
"16" "splicenonsense" 2.10204081632653 1.95663265306122 2.05187074829932 1.04867448935246 22 0.000206143063285923 0.00390608626094294 0.129006218165825 160 302 7 0.00390608626094294 0.00617754110301365
"19" "splicenonsense" 2.26530612244898 2.13775510204082 2.19897959183673 1.02863961813843 23 0.000120997015406956 0.00335488858842789 0.129454232925464 176 330 8 0.00335488858842789 0.00556526925796339
"22" "splicenonsense" 2.44897959183673 2.29081632653061 2.5858843537415 1.12880475129918 24 0.000534543527555951 0.00677428475598085 0.128070978402793 206 346 9 0.00677428475598085 0.00677428475598085
"25" "splicenonsense" 2.44897959183673 2.29081632653061 2.5858843537415 1.12880475129918 24 0.000534543527555951 0.00677428475598085 0.128070978402793 206 346 10 0.00677428475598085 0.00677428475598085
"28" "splicenonsense" 2.44897959183673 2.29081632653061 2.5858843537415 1.12880475129918 24 0.000534543527555951 0.00677428475598085 0.128070978402793 206 346 11 0.00677428475598085 0.00677428475598085
"31" "splicenonsense" 2.44897959183673 2.29081632653061 2.5858843537415 1.12880475129918 24 0.000534543527555951 0.00677428475598085 0.128070978402793 206 346 12 0.00677428475598085 0.00677428475598085
"34" "splicenonsense" 2.44897959183673 2.29081632653061 2.5858843537415 1.12880475129918 24 0.000534543527555951 0.00677428475598085 0.128070978402793 206 346 13 0.00677428475598085 0.00677428475598085
"37" "splicenonsense" 2.44897959183673 2.29081632653061 2.5858843537415 1.12880475129918 24 0.000534543527555951 0.00677428475598085 0.128070978402793 206 346 14 0.00677428475598085 0.00677428475598085
"40" "splicenonsense" 2.44897959183673 2.29081632653061 2.5858843537415 1.12880475129918 24 0.000534543527555951 0.00677428475598085 0.128070978402793 206 346 15 0.00677428475598085 0.00677428475598085
"43" "splicenonsense" 2.44897959183673 2.29081632653061 2.5858843537415 1.12880475129918 24 0.000534543527555951 0.00677428475598085 0.128070978402793 206 346 16 0.00677428475598085 0.00677428475598085
"46" "splicenonsense" 2.44897959183673 2.29081632653061 2.5858843537415 1.12880475129918 24 0.000534543527555951 0.00677428475598085 0.128070978402793 206 346 17 0.00677428475598085 0.00677428475598085
"49" "splicenonsense" 2.44897959183673 2.29081632653061 2.5858843537415 1.12880475129918 24 0.000534543527555951 0.00677428475598085 0.128070978402793 206 346 18 0.00677428475598085 0.00677428475598085
"52" "splicenonsense" 2.44897959183673 2.29081632653061 2.5858843537415 1.12880475129918 24 0.000534543527555951 0.00677428475598085 0.128070978402793 206 346 19 0.00677428475598085 0.00677428475598085
"55" "splicenonsense" 2.44897959183673 2.29081632653061 2.5858843537415 1.12880475129918 24 0.000534543527555951 0.00677428475598085 0.128070978402793 206 346 20 0.00677428475598085 0.00677428475598085
