"VariantType" "Mean" "Va" "V" "V.Va" "Nloci" "NetLD" "cor" "cor_abs" "pos" "neg" "mdac" "themin" "themax"
"3" "codingsynononly" 83.2352941176471 89.7433155080214 285.882352941176 3.18555595280658 1415 9.8029816640838e-05 0.00134831888843731 0.106687018555421 196308 1804502 2 0.00134831888843731 0.00134831888843731
"6" "codingsynononly" 181.882352941176 196.29055258467 545.985739750446 2.78151817579164 2533 5.45243835347778e-05 0.000599444653412478 0.122120585800549 846096 5567460 3 0.000599444653412478 0.000599444653412478
"9" "codingsynononly" 293.529411764706 320.090909090909 1251.59001782531 3.91010797957354 3482 7.68510231165791e-05 0.000816692124135233 0.134575614791073 1992390 10128452 4 0.000816692124135233 0.000816692124135233
"12" "codingsynononly" 421.029411764706 460.681818181818 3631.66577540107 7.88324095301663 4349 0.000167693064675764 0.0014850468209327 0.145446474232508 3743154 15166298 5 0.0014850468209327 0.0014850468209327
"15" "codingsynononly" 545.794117647059 600.300356506239 8474.04723707665 14.116345501435 5056 0.000308072706579305 0.0022305740183454 0.1538760024806 5689908 19868172 6 0.0022305740183454 0.0022305740183454
"18" "codingsynononly" 676.941176470588 750.087344028521 16572.0570409982 22.0935030739141 5693 0.000488263739733687 0.0029967779543138 0.161509905860369 7720954 24683602 7 0.0029967779543138 0.0029967779543138
"21" "codingsynononly" 813.882352941176 902.283422459893 34463.6827094474 38.1960721560074 6275 0.000852475321207679 0.00456992661210732 0.170751834163082 9965438 29403912 8 0.00456992661210732 0.00456992661210732
"24" "codingsynononly" 942.264705882353 1051.36096256685 55491.0490196078 52.7802067941815 6760 0.00119147925617128 0.00561655616604475 0.176970876300294 12048988 33641852 9 0.00561655616604475 0.00561655616604475
"27" "codingsynononly" 942.264705882353 1051.36096256685 55491.0490196078 52.7802067941815 6760 0.00119147925617128 0.00561655616604475 0.176970876300294 12048988 33641852 10 0.00561655616604475 0.00561655616604475
"30" "codingsynononly" 942.264705882353 1051.36096256685 55491.0490196078 52.7802067941815 6760 0.00119147925617128 0.00561655616604475 0.176970876300294 12048988 33641852 11 0.00561655616604475 0.00561655616604475
"33" "codingsynononly" 942.264705882353 1051.36096256685 55491.0490196078 52.7802067941815 6760 0.00119147925617128 0.00561655616604475 0.176970876300294 12048988 33641852 12 0.00561655616604475 0.00561655616604475
"36" "codingsynononly" 942.264705882353 1051.36096256685 55491.0490196078 52.7802067941815 6760 0.00119147925617128 0.00561655616604475 0.176970876300294 12048988 33641852 13 0.00561655616604475 0.00561655616604475
"39" "codingsynononly" 942.264705882353 1051.36096256685 55491.0490196078 52.7802067941815 6760 0.00119147925617128 0.00561655616604475 0.176970876300294 12048988 33641852 14 0.00561655616604475 0.00561655616604475
"42" "codingsynononly" 942.264705882353 1051.36096256685 55491.0490196078 52.7802067941815 6760 0.00119147925617128 0.00561655616604475 0.176970876300294 12048988 33641852 15 0.00561655616604475 0.00561655616604475
"45" "codingsynononly" 942.264705882353 1051.36096256685 55491.0490196078 52.7802067941815 6760 0.00119147925617128 0.00561655616604475 0.176970876300294 12048988 33641852 16 0.00561655616604475 0.00561655616604475
"48" "codingsynononly" 942.264705882353 1051.36096256685 55491.0490196078 52.7802067941815 6760 0.00119147925617128 0.00561655616604475 0.176970876300294 12048988 33641852 17 0.00561655616604475 0.00561655616604475
"51" "codingsynononly" 942.264705882353 1051.36096256685 55491.0490196078 52.7802067941815 6760 0.00119147925617128 0.00561655616604475 0.176970876300294 12048988 33641852 18 0.00561655616604475 0.00561655616604475
"54" "codingsynononly" 942.264705882353 1051.36096256685 55491.0490196078 52.7802067941815 6760 0.00119147925617128 0.00561655616604475 0.176970876300294 12048988 33641852 19 0.00561655616604475 0.00561655616604475
"57" "codingsynononly" 1032.26470588235 1119.72459893048 48744.7459893048 43.5327990792236 6913 0.000996701007796099 0.00494105587446701 0.178214912475229 13006150 34776506 20 0.00494105587446701 0.00494105587446701
"2" "missense" 94.7647058823529 100.983957219251 623.094474153298 6.17023229541764 1611 0.000201298725352505 0.00293374970752858 0.108832251637899 260924 2332786 2 0.00293374970752858 0.00293374970752858
"5" "missense" 209.470588235294 224.495543672014 1186.19607843137 5.2838290641724 2911 0.000113528438138942 0.00138283742919922 0.123440100263768 1140052 7330958 3 0.00138283742919922 0.00138283742919922
"8" "missense" 323.352941176471 350.509803921569 2256.84135472371 6.43873960007323 3879 0.000126727495309847 0.00135248915699032 0.134284799257841 2481160 12561602 4 0.00135248915699032 0.00135248915699032
"11" "missense" 451.147058823529 490.025846702317 5220.3110516934 10.6531340883834 4748 0.000209873393411379 0.00186164727444994 0.144504782227286 4416086 18122670 5 0.00186164727444994 0.00186164727444994
"14" "missense" 581.558823529412 631.28431372549 11202.132798574 17.7449883594686 5487 0.000351171355967699 0.00260515826672083 0.152647605218383 6699208 23402474 6 0.00260515826672083 0.00260515826672083
"17" "missense" 705.911764705882 765.088235294118 20749.8404634581 27.1208463367384 6091 0.000538756938166435 0.0034873554307574 0.159627366106262 8876474 28217716 7 0.0034873554307574 0.0034873554307574
"20" "missense" 856.5 919.612299465241 54629.7121212121 59.4051560130063 6731 0.00118566310192262 0.00664035887636578 0.170791052299684 11692772 33606858 8 0.00664035887636578 0.00664035887636578
"23" "missense" 973.764705882353 1047.29768270945 65904.6702317291 62.9283071277577 7174 0.00126036736025863 0.00662976763031485 0.174589562112411 13853300 37605802 9 0.00662976763031485 0.00662976763031485
"26" "missense" 973.764705882353 1047.29768270945 65904.6702317291 62.9283071277577 7174 0.00126036736025863 0.00662976763031485 0.174589562112411 13853300 37605802 10 0.00662976763031485 0.00662976763031485
"29" "missense" 973.764705882353 1047.29768270945 65904.6702317291 62.9283071277577 7174 0.00126036736025863 0.00662976763031485 0.174589562112411 13853300 37605802 11 0.00662976763031485 0.00662976763031485
"32" "missense" 973.764705882353 1047.29768270945 65904.6702317291 62.9283071277577 7174 0.00126036736025863 0.00662976763031485 0.174589562112411 13853300 37605802 12 0.00662976763031485 0.00662976763031485
"35" "missense" 973.764705882353 1047.29768270945 65904.6702317291 62.9283071277577 7174 0.00126036736025863 0.00662976763031485 0.174589562112411 13853300 37605802 13 0.00662976763031485 0.00662976763031485
"38" "missense" 973.764705882353 1047.29768270945 65904.6702317291 62.9283071277577 7174 0.00126036736025863 0.00662976763031485 0.174589562112411 13853300 37605802 14 0.00662976763031485 0.00662976763031485
"41" "missense" 973.764705882353 1047.29768270945 65904.6702317291 62.9283071277577 7174 0.00126036736025863 0.00662976763031485 0.174589562112411 13853300 37605802 15 0.00662976763031485 0.00662976763031485
"44" "missense" 973.764705882353 1047.29768270945 65904.6702317291 62.9283071277577 7174 0.00126036736025863 0.00662976763031485 0.174589562112411 13853300 37605802 16 0.00662976763031485 0.00662976763031485
"47" "missense" 973.764705882353 1047.29768270945 65904.6702317291 62.9283071277577 7174 0.00126036736025863 0.00662976763031485 0.174589562112411 13853300 37605802 17 0.00662976763031485 0.00662976763031485
"50" "missense" 973.764705882353 1047.29768270945 65904.6702317291 62.9283071277577 7174 0.00126036736025863 0.00662976763031485 0.174589562112411 13853300 37605802 18 0.00662976763031485 0.00662976763031485
"53" "missense" 973.764705882353 1047.29768270945 65904.6702317291 62.9283071277577 7174 0.00126036736025863 0.00662976763031485 0.174589562112411 13853300 37605802 19 0.00662976763031485 0.00662976763031485
"56" "missense" 1080.82352941176 1119.56506238859 60771.9073083779 54.2817111305001 7356 0.00110256221045689 0.00594506033194974 0.175891168919314 15092972 39010408 20 0.00594506033194974 0.00594506033194974
"1" "splicenonsense" 2.35294117647059 2.40285204991087 3.20499108734403 1.33382789317507 40 0.000514191690662278 0.00842301504283205 0.115991379169826 174 1386 2 0.00842301504283205 0.00842301504283205
"4" "splicenonsense" 4.82352941176471 5.14795008912656 4.9982174688057 0.970914127423823 68 -3.28649298333749e-05 -5.41737428103139e-05 0.122173848789927 578 3978 3 -5.41737428103139e-05 0.000599444653412478
"7" "splicenonsense" 7.41176470588235 7.80392156862745 4.73440285204991 0.60666971219735 90 -0.000383210826039643 -0.00347203942992003 0.130265872854531 1324 6686 4 -0.00347203942992003 0.000816692124135233
"10" "splicenonsense" 10.2058823529412 10.5623885918004 5.92602495543672 0.561049700447219 109 -0.000393846724121954 -0.00314225878253364 0.140111633900891 2396 9376 5 -0.00314225878253364 0.0014850468209327
"13" "splicenonsense" 13.5588235294118 14.1951871657754 14.6782531194296 1.03403026307528 128 2.97161634875853e-05 0.000103451286766424 0.149314641117833 3884 12372 6 0.000103451286766424 0.0022305740183454
"16" "splicenonsense" 16.8529411764706 17.0115864527629 38.6140819964349 2.2698695447163 144 0.00104907223891181 0.00665344080396381 0.161838935385696 5472 15120 7 0.00665344080396381 0.00665344080396381
"19" "splicenonsense" 23.4411764705882 23.0508021390374 116.496434937611 5.05389939295519 172 0.00317712609814273 0.0183980115368256 0.184155495309514 9014 20398 8 0.0183980115368256 0.0183980115368256
"22" "splicenonsense" 25.8235294117647 25.3404634581105 139.058823529412 5.48761958356781 181 0.00349043462465627 0.0198243952668583 0.187538474460355 10302 22278 9 0.0198243952668583 0.0198243952668583
"25" "splicenonsense" 25.8235294117647 25.3404634581105 139.058823529412 5.48761958356781 181 0.00349043462465627 0.0198243952668583 0.187538474460355 10302 22278 10 0.0198243952668583 0.0198243952668583
"28" "splicenonsense" 25.8235294117647 25.3404634581105 139.058823529412 5.48761958356781 181 0.00349043462465627 0.0198243952668583 0.187538474460355 10302 22278 11 0.0198243952668583 0.0198243952668583
"31" "splicenonsense" 25.8235294117647 25.3404634581105 139.058823529412 5.48761958356781 181 0.00349043462465627 0.0198243952668583 0.187538474460355 10302 22278 12 0.0198243952668583 0.0198243952668583
"34" "splicenonsense" 25.8235294117647 25.3404634581105 139.058823529412 5.48761958356781 181 0.00349043462465627 0.0198243952668583 0.187538474460355 10302 22278 13 0.0198243952668583 0.0198243952668583
"37" "splicenonsense" 25.8235294117647 25.3404634581105 139.058823529412 5.48761958356781 181 0.00349043462465627 0.0198243952668583 0.187538474460355 10302 22278 14 0.0198243952668583 0.0198243952668583
"40" "splicenonsense" 25.8235294117647 25.3404634581105 139.058823529412 5.48761958356781 181 0.00349043462465627 0.0198243952668583 0.187538474460355 10302 22278 15 0.0198243952668583 0.0198243952668583
"43" "splicenonsense" 25.8235294117647 25.3404634581105 139.058823529412 5.48761958356781 181 0.00349043462465627 0.0198243952668583 0.187538474460355 10302 22278 16 0.0198243952668583 0.0198243952668583
"46" "splicenonsense" 25.8235294117647 25.3404634581105 139.058823529412 5.48761958356781 181 0.00349043462465627 0.0198243952668583 0.187538474460355 10302 22278 17 0.0198243952668583 0.0198243952668583
"49" "splicenonsense" 25.8235294117647 25.3404634581105 139.058823529412 5.48761958356781 181 0.00349043462465627 0.0198243952668583 0.187538474460355 10302 22278 18 0.0198243952668583 0.0198243952668583
"52" "splicenonsense" 25.8235294117647 25.3404634581105 139.058823529412 5.48761958356781 181 0.00349043462465627 0.0198243952668583 0.187538474460355 10302 22278 19 0.0198243952668583 0.0198243952668583
"55" "splicenonsense" 31.7058823529412 27.8360071301248 138.698752228164 4.9827100409836 191 0.00305491168636096 0.0173916371730264 0.18566494594573 12124 24166 20 0.0173916371730264 0.0173916371730264
